
best_val_epoch: 50
best_val_mse: 0.0014308197118797338
best_val_tau: 0.7524169954377934
best_val_rho: 0.9066905985745904
best_val_p10: 0.6857142857142857
best_val_p20: 0.7221428571428571

mse: 0.001417391060522039
rho: 0.9007067580650736
tau: 0.7421839290277829
prec_at_10: 0.6878571428571428
prec_at_20: 0.7414285714285715
