
best_val_epoch: 45
best_val_mse: 0.0014449951168278357
best_val_tau: 0.7537609793320671
best_val_rho: 0.9077641480914498
best_val_p10: 0.6714285714285714
best_val_p20: 0.7157142857142857

mse: 0.0013957483742932431
rho: 0.9034613246827438
tau: 0.7451035924208682
prec_at_10: 0.6885714285714285
prec_at_20: 0.7564285714285715
